RT60 data saved by REW V5.30.9
Source: UMC1820, MICROPHONE (In 1), 3, volume: 1.000
Dated: Aug 9, 2024 12:14:41 PM
Measurement: L 3300_holes_3_pcs_pos1 Aug 9-1
Sweep level: -15.0 dBFS
Response measured over: 40.0 to 8,000.0 Hz
Peak value: 8.317408E-4 at index 524288
Response length: 1048576 samples
Sample interval: 2.0833333333333333E-5 seconds
Start time: -10.922666658478974 seconds

Format is freq (Hz), BW (octaves), EDT (s), r, T20 (s), r, T30 (s), r, Topt (s), r, ToptStart (dB), ToptEnd (dB), T60M (s), reverse/forward/zero phase filtered, C50 (dB), C80 (dB), D50 (%), TS (s)

50, 1/3, 11.800, -1.000, 11.576, -1.000, 11.716, -1.000, 11.625, -1.000, -5.000, -31.000, 0.000, Reverse, -59.41, -54.55, 0.0, 0.908
63, 1/3, 10.609, -0.999, 10.912, -1.000, 11.040, -1.000, 10.964, -1.000, -5.000, -31.000, 0.000, Reverse, -54.15, -53.06, 0.0, 0.795
80, 1/3, 6.479, -0.995, 8.512, -0.996, 10.872, -0.987, 8.851, -0.997, -5.000, -28.000, 0.000, Reverse, -56.39, -13.54, 0.0, 0.553
100, 1/3, 7.797, -0.998, 8.292, -0.999, 8.712, -0.999, 8.483, -0.999, -5.000, -31.000, 0.000, Reverse, -53.65, -13.53, 0.0, 0.615
125, 1/3, 6.447, -0.998, 7.909, -0.997, 8.133, -0.998, 8.297, -0.998, -5.000, -39.000, 0.000, Reverse, -55.79, -10.79, 0.0, 0.521
160, 1/3, 5.292, -0.996, 5.663, -0.997, 6.017, -0.998, 6.072, -0.999, -5.000, -43.000, 0.000, Reverse, -10.04, -9.40, 9.0, 0.402
200, 1/3, 4.355, -0.993, 5.855, -0.996, 5.871, -0.998, 6.138, -0.999, -5.000, -48.000, 0.000, Reverse, -12.89, -13.66, 4.9, 0.403
250, 1/3, 6.402, -0.993, 5.291, -0.999, 5.584, -0.998, 5.787, -0.999, -5.000, -52.000, 0.000, Reverse, -8.27, -5.61, 13.0, 0.386
315, 1/3, 5.516, -0.993, 5.726, -0.999, 5.738, -0.999, 5.736, -1.000, -5.000, -46.000, 0.000, Reverse, -9.14, -8.11, 10.9, 0.441
400, 1/3, 4.894, -0.996, 5.251, -0.998, 5.495, -0.999, 5.633, -1.000, -5.000, -55.000, 0.000, Reverse, -7.60, -6.39, 14.8, 0.345
500, 1/3, 4.839, -0.997, 4.900, -0.999, 5.027, -1.000, 5.212, -1.000, -5.000, -54.000, 0.000, Reverse, -10.38, -7.46, 8.4, 0.351
630, 1/3, 4.573, -0.998, 4.481, -1.000, 4.550, -1.000, 4.565, -1.000, -5.000, -39.000, 0.000, Reverse, -8.43, -5.40, 12.6, 0.327
800, 1/3, 4.270, -0.994, 3.961, -0.999, 4.059, -0.999, 4.086, -0.999, -5.000, -40.000, 0.000, Reverse, -8.00, -6.51, 13.7, 0.287
1000, 1/3, 3.411, -0.996, 3.667, -0.999, 3.710, -1.000, 3.726, -1.000, -5.000, -43.000, 0.000, Reverse, -8.79, -6.15, 11.7, 0.280
1250, 1/3, 3.446, -0.999, 3.287, -0.999, 3.384, -0.999, 3.418, -1.000, -5.000, -47.000, 0.000, Reverse, -7.89, -5.83, 14.0, 0.263
1600, 1/3, 3.253, -0.998, 3.327, -1.000, 3.284, -1.000, 3.280, -1.000, -5.000, -41.000, 0.000, Reverse, -4.80, -2.12, 24.9, 0.214
2000, 1/3, 2.797, -0.999, 3.120, -1.000, 3.015, -1.000, 3.018, -1.000, -5.000, -52.000, 0.000, Reverse, -6.94, -3.26, 16.8, 0.214
2500, 1/3, 2.721, -0.998, 2.662, -1.000, 2.687, -1.000, 2.693, -1.000, -5.000, -47.000, 0.000, Reverse, -5.26, -2.69, 23.0, 0.192
3150, 1/3, 2.342, -0.999, 2.291, -1.000, 2.270, -1.000, 2.282, -1.000, -5.000, -47.000, 0.000, Reverse, -4.23, -2.56, 27.4, 0.171
4000, 1/3, 2.053, -0.999, 2.002, -0.999, 2.004, -1.000, 2.005, -1.000, -5.000, -48.000, 0.000, Reverse, -2.68, -0.53, 35.0, 0.139
5000, 1/3, 1.809, -0.999, 1.677, -1.000, 1.729, -1.000, 1.757, -1.000, -5.000, -47.000, 0.000, Reverse, -2.41, 0.13, 36.5, 0.124
6300, 1/3, 1.365, -0.999, 1.456, -1.000, 1.430, -1.000, 1.435, -1.000, -5.000, -43.000, 0.000, Reverse, -0.96, 1.84, 44.5, 0.091

RT60 data saved by REW V5.30.9
Source: UMC1820, MICROPHONE (In 1), 4, volume: 1.000
Dated: Aug 9, 2024 12:14:41 PM
Measurement: L 3300_holes_3_pcs_pos1 Aug 9-2
Sweep level: -15.0 dBFS
Response measured over: 40.0 to 8,000.0 Hz
Peak value: 0.001775023 at index 524288
Response length: 1048576 samples
Sample interval: 2.0833333333333333E-5 seconds
Start time: -10.93745002777159 seconds

Format is freq (Hz), BW (octaves), EDT (s), r, T20 (s), r, T30 (s), r, Topt (s), r, ToptStart (dB), ToptEnd (dB), T60M (s), reverse/forward/zero phase filtered, C50 (dB), C80 (dB), D50 (%), TS (s)

50, 1/3, 11.677, -0.999, 11.575, -1.000, 11.601, -1.000, 11.586, -1.000, -5.000, -34.000, 0.000, Reverse, -58.74, -58.48, 0.0, 0.897
63, 1/3, 9.968, -0.997, 11.033, -1.000, 11.080, -1.000, 11.091, -1.000, -5.000, -37.000, 0.000, Reverse, -54.30, -53.65, 0.0, 0.720
80, 1/3, 6.549, -0.996, 8.271, -0.997, 9.100, -0.997, 7.657, -0.997, -5.000, -20.000, 0.000, Reverse, -49.75, -13.33, 0.0, 0.515
100, 1/3, 7.667, -0.991, 8.800, -0.998, 9.034, -0.999, 8.975, -0.999, -5.000, -34.000, 0.000, Reverse, -12.39, -11.56, 5.4, 0.568
125, 1/3, 6.840, -0.991, 7.426, -0.999, 7.693, -0.999, 7.739, -0.999, -5.000, -37.000, 0.000, Reverse, -17.47, -8.26, 1.8, 0.438
160, 1/3, 5.294, -0.998, 6.634, -0.999, 6.864, -0.999, 6.925, -0.999, -5.000, -38.000, 0.000, Reverse, -58.55, -5.78, 0.0, 0.393
200, 1/3, 6.591, -0.998, 5.641, -0.999, 5.622, -0.999, 5.714, -0.999, -5.000, -42.000, 0.000, Reverse, -13.14, -12.54, 4.6, 0.508
250, 1/3, 6.485, -0.996, 5.317, -0.998, 5.768, -0.997, 5.559, -0.998, -5.000, -33.000, 0.000, Reverse, -6.28, -5.90, 19.1, 0.397
315, 1/3, 5.228, -0.997, 5.665, -0.999, 5.769, -1.000, 5.764, -1.000, -5.000, -44.000, 0.000, Reverse, -6.86, -4.90, 17.1, 0.368
400, 1/3, 4.856, -0.991, 5.245, -0.999, 5.402, -0.999, 5.586, -0.999, -5.000, -59.000, 0.000, Reverse, -6.23, -2.23, 19.2, 0.285
500, 1/3, 5.101, -0.998, 5.088, -0.999, 4.998, -0.999, 5.135, -1.000, -5.000, -50.000, 0.000, Reverse, -7.27, -4.58, 15.8, 0.333
630, 1/3, 4.545, -0.997, 4.731, -0.999, 4.513, -0.999, 4.667, -0.999, -5.000, -50.000, 0.000, Reverse, -8.39, -4.07, 12.7, 0.324
800, 1/3, 4.327, -0.999, 4.212, -0.999, 4.217, -1.000, 4.228, -1.000, -5.000, -49.000, 0.000, Reverse, -6.11, -4.55, 19.7, 0.290
1000, 1/3, 3.556, -0.998, 3.699, -0.999, 3.665, -1.000, 3.699, -1.000, -5.000, -48.000, 0.000, Reverse, -3.85, -2.84, 29.2, 0.222
1250, 1/3, 3.340, -0.998, 3.537, -0.999, 3.427, -0.999, 3.439, -1.000, -5.000, -48.000, 0.000, Reverse, -5.67, -4.71, 21.3, 0.239
1600, 1/3, 2.927, -0.999, 3.447, -0.999, 3.306, -0.999, 3.211, -1.000, -5.000, -54.000, 0.000, Reverse, -5.01, -2.60, 24.0, 0.208
2000, 1/3, 2.984, -0.999, 3.073, -1.000, 3.053, -1.000, 3.024, -1.000, -5.000, -49.000, 0.000, Reverse, -5.77, -2.86, 20.9, 0.214
2500, 1/3, 2.756, -0.999, 2.656, -1.000, 2.663, -1.000, 2.664, -1.000, -5.000, -44.000, 0.000, Reverse, -4.38, -2.69, 26.7, 0.188
3150, 1/3, 2.178, -0.998, 2.241, -1.000, 2.337, -0.999, 2.247, -1.000, -5.000, -26.000, 0.000, Reverse, -3.91, -1.89, 28.9, 0.149
4000, 1/3, 2.087, -0.999, 1.981, -0.999, 1.988, -1.000, 2.014, -1.000, -5.000, -51.000, 0.000, Reverse, -1.78, 0.03, 39.9, 0.125
5000, 1/3, 1.736, -0.998, 1.709, -1.000, 1.748, -1.000, 1.762, -1.000, -5.000, -48.000, 0.000, Reverse, -0.89, 1.25, 44.9, 0.103
6300, 1/3, 1.381, -0.999, 1.379, -1.000, 1.396, -1.000, 1.401, -1.000, -5.000, -38.000, 0.000, Reverse, 0.39, 2.72, 52.2, 0.079

RT60 data saved by REW V5.30.9
Source: UMC1820, MICROPHONE (In 1), 5, volume: 1.000
Dated: Aug 9, 2024 12:14:42 PM
Measurement: L 3300_holes_3_pcs_pos1 Aug 9-3
Sweep level: -15.0 dBFS
Response measured over: 40.0 to 8,000.0 Hz
Peak value: 9.572765E-4 at index 524288
Response length: 1048576 samples
Sample interval: 2.0833333333333333E-5 seconds
Start time: -10.932486656293134 seconds

Format is freq (Hz), BW (octaves), EDT (s), r, T20 (s), r, T30 (s), r, Topt (s), r, ToptStart (dB), ToptEnd (dB), T60M (s), reverse/forward/zero phase filtered, C50 (dB), C80 (dB), D50 (%), TS (s)

50, 1/3, 11.754, -1.000, 11.689, -1.000, 12.019, -1.000, 11.710, -1.000, -5.000, -27.000, 0.000, Reverse, -55.56, -56.44, 0.0, 0.903
63, 1/3, 10.613, -0.993, 10.594, -0.998, 11.165, -0.998, 10.759, -0.999, -5.000, -31.000, 0.000, Reverse, -51.20, -48.53, 0.0, 0.821
80, 1/3, 5.481, -0.983, 7.831, -0.998, 8.363, -0.998, 8.363, -0.998, -5.000, -35.000, 0.000, Reverse, -53.91, -15.38, 0.0, 0.438
100, 1/3, 8.218, -0.991, 9.643, -0.999, 9.591, -0.999, 9.617, -1.000, -5.000, -37.000, 0.000, Reverse, -51.69, -16.05, 0.0, 0.613
125, 1/3, 8.532, -0.991, 6.035, -0.993, 6.336, -0.997, 6.387, -0.997, -5.000, -36.000, 0.000, Reverse, -63.63, -9.97, 0.0, 0.559
160, 1/3, 5.173, -0.983, 5.618, -0.998, 5.809, -0.999, 5.850, -0.999, -5.000, -37.000, 0.000, Reverse, -25.70, -10.14, 0.3, 0.441
200, 1/3, 5.358, -0.990, 5.951, -0.996, 5.871, -0.999, 6.066, -0.999, -5.000, -51.000, 0.000, Reverse, -21.85, -10.50, 0.6, 0.454
250, 1/3, 5.328, -0.998, 5.942, -0.998, 6.116, -0.998, 6.509, -0.999, -5.000, -60.000, 0.000, Reverse, -14.47, -7.88, 3.4, 0.412
315, 1/3, 5.002, -0.993, 5.858, -0.999, 5.743, -0.999, 5.778, -1.000, -5.000, -48.000, 0.000, Reverse, -11.36, -7.27, 6.8, 0.386
400, 1/3, 5.462, -0.998, 5.213, -0.999, 5.297, -0.999, 5.352, -1.000, -5.000, -51.000, 0.000, Reverse, -7.20, -6.23, 16.0, 0.402
500, 1/3, 5.178, -0.991, 4.792, -0.999, 4.732, -0.999, 4.730, -1.000, -5.000, -38.000, 0.000, Reverse, -5.52, -4.80, 21.9, 0.363
630, 1/3, 4.287, -0.998, 4.695, -0.999, 4.733, -1.000, 4.678, -1.000, -5.000, -52.000, 0.000, Reverse, -9.78, -5.30, 9.5, 0.297
800, 1/3, 3.974, -0.998, 4.275, -1.000, 4.174, -1.000, 4.208, -1.000, -5.000, -47.000, 0.000, Reverse, -14.15, -7.31, 3.7, 0.335
1000, 1/3, 3.887, -1.000, 3.508, -0.999, 3.633, -0.999, 3.666, -1.000, -5.000, -46.000, 0.000, Reverse, -8.05, -5.05, 13.6, 0.278
1250, 1/3, 3.323, -0.999, 3.353, -0.999, 3.358, -1.000, 3.360, -1.000, -5.000, -38.000, 0.000, Reverse, -9.13, -4.18, 10.9, 0.254
1600, 1/3, 3.149, -0.999, 3.201, -1.000, 3.206, -1.000, 3.215, -1.000, -5.000, -48.000, 0.000, Reverse, -9.13, -6.17, 10.9, 0.242
2000, 1/3, 3.015, -0.999, 2.948, -1.000, 2.967, -1.000, 2.956, -1.000, -5.000, -50.000, 0.000, Reverse, -7.32, -4.49, 15.6, 0.228
2500, 1/3, 2.815, -1.000, 2.744, -1.000, 2.685, -1.000, 2.683, -1.000, -5.000, -52.000, 0.000, Reverse, -4.22, -2.75, 27.5, 0.193
3150, 1/3, 2.419, -0.999, 2.334, -1.000, 2.335, -1.000, 2.336, -1.000, -5.000, -44.000, 0.000, Reverse, -5.44, -2.74, 22.2, 0.176
4000, 1/3, 2.051, -0.999, 1.991, -1.000, 2.001, -1.000, 2.021, -1.000, -5.000, -43.000, 0.000, Reverse, -4.42, -1.70, 26.6, 0.147
5000, 1/3, 1.716, -0.998, 1.734, -0.999, 1.745, -1.000, 1.776, -1.000, -5.000, -51.000, 0.000, Reverse, -1.69, 0.35, 40.4, 0.114
6300, 1/3, 1.277, -0.999, 1.389, -1.000, 1.422, -1.000, 1.413, -1.000, -5.000, -33.000, 0.000, Reverse, -0.03, 1.87, 49.8, 0.083

RT60 data saved by REW V5.30.9
Source: UMC1820, MICROPHONE (In 1), 6, volume: 1.000
Dated: Aug 9, 2024 12:14:42 PM
Measurement: L 3300_holes_3_pcs_pos1 Aug 9-4
Sweep level: -15.0 dBFS
Response measured over: 40.0 to 8,000.0 Hz
Peak value: 8.857542E-4 at index 524288
Response length: 1048576 samples
Sample interval: 2.0833333333333333E-5 seconds
Start time: -10.890361947888218 seconds

Format is freq (Hz), BW (octaves), EDT (s), r, T20 (s), r, T30 (s), r, Topt (s), r, ToptStart (dB), ToptEnd (dB), T60M (s), reverse/forward/zero phase filtered, C50 (dB), C80 (dB), D50 (%), TS (s)

50, 1/3, 9.380, -0.998, 10.340, -0.999, 11.844, -0.996, 10.263, -0.999, -5.000, -24.000, 0.000, Reverse, -60.16, -55.38, 0.0, 0.715
63, 1/3, 8.200, -0.963, 8.077, -0.993, 8.421, -0.996, 8.798, -0.998, -5.000, -55.000, 0.000, Reverse, -54.83, -58.56, 0.0, 0.480
80, 1/3, 5.622, -0.989, 8.062, -0.998, 8.518, -0.999, 8.268, -0.999, -5.000, -30.000, 0.000, Reverse, -57.64, -21.56, 0.0, 0.421
100, 1/3, 7.785, -0.996, 9.139, -0.999, 9.307, -1.000, 9.244, -1.000, -5.000, -34.000, 0.000, Reverse, -55.17, -13.60, 0.0, 0.630
125, 1/3, 6.625, -0.987, 7.316, -0.999, 7.483, -0.999, 7.609, -0.999, -5.000, -41.000, 0.000, Reverse, -9.76, -7.82, 9.6, 0.384
160, 1/3, 6.862, -0.990, 6.266, -0.995, 6.520, -0.998, 7.088, -0.998, -5.000, -53.000, 0.000, Reverse, -8.49, -6.21, 12.4, 0.406
200, 1/3, 5.876, -0.992, 5.921, -0.998, 6.176, -0.999, 6.185, -0.999, -5.000, -36.000, 0.000, Reverse, -12.50, -7.39, 5.3, 0.392
250, 1/3, 5.793, -0.998, 5.648, -0.998, 5.928, -0.999, 5.985, -0.999, -5.000, -43.000, 0.000, Reverse, -12.65, -7.07, 5.2, 0.430
315, 1/3, 4.626, -0.996, 5.689, -0.995, 5.616, -0.999, 5.563, -0.999, -5.000, -44.000, 0.000, Reverse, -9.08, -7.48, 11.0, 0.365
400, 1/3, 4.999, -0.997, 5.444, -0.999, 5.365, -0.999, 5.392, -1.000, -5.000, -50.000, 0.000, Reverse, -12.53, -6.74, 5.3, 0.397
500, 1/3, 4.815, -0.999, 5.248, -0.998, 5.174, -0.999, 5.145, -1.000, -5.000, -48.000, 0.000, Reverse, -14.58, -8.11, 3.4, 0.390
630, 1/3, 4.572, -0.997, 4.531, -0.999, 4.488, -0.999, 4.520, -1.000, -5.000, -39.000, 0.000, Reverse, -10.75, -6.05, 7.8, 0.349
800, 1/3, 4.214, -0.993, 4.309, -0.999, 4.184, -0.999, 4.177, -1.000, -5.000, -50.000, 0.000, Reverse, -8.26, -6.70, 13.0, 0.338
1000, 1/3, 3.598, -0.998, 3.840, -0.999, 3.778, -1.000, 3.788, -1.000, -5.000, -50.000, 0.000, Reverse, -10.15, -6.41, 8.8, 0.295
1250, 1/3, 3.627, -0.999, 3.326, -1.000, 3.421, -1.000, 3.474, -1.000, -5.000, -47.000, 0.000, Reverse, -8.76, -6.41, 11.7, 0.273
1600, 1/3, 3.309, -0.999, 3.254, -1.000, 3.209, -1.000, 3.265, -1.000, -5.000, -52.000, 0.000, Reverse, -6.93, -5.19, 16.9, 0.247
2000, 1/3, 2.912, -0.999, 3.107, -1.000, 3.099, -1.000, 3.046, -1.000, -5.000, -53.000, 0.000, Reverse, -5.68, -3.95, 21.3, 0.218
2500, 1/3, 2.632, -0.999, 2.722, -1.000, 2.702, -1.000, 2.707, -1.000, -5.000, -48.000, 0.000, Reverse, -5.89, -3.17, 20.5, 0.195
3150, 1/3, 2.322, -0.999, 2.221, -1.000, 2.284, -1.000, 2.214, -1.000, -5.000, -24.000, 0.000, Reverse, -4.72, -1.89, 25.2, 0.164
4000, 1/3, 2.024, -1.000, 2.000, -1.000, 2.006, -1.000, 2.021, -1.000, -5.000, -46.000, 0.000, Reverse, -4.35, -1.69, 26.8, 0.148
5000, 1/3, 1.657, -0.999, 1.763, -0.999, 1.741, -1.000, 1.757, -1.000, -5.000, -41.000, 0.000, Reverse, -4.92, -0.90, 24.4, 0.130
6300, 1/3, 1.388, -0.999, 1.431, -1.000, 1.431, -1.000, 1.436, -1.000, -5.000, -38.000, 0.000, Reverse, -1.65, 0.78, 40.6, 0.100

RT60 data saved by REW V5.30.9
Source: UMC1820, MICROPHONE (In 1), 3, volume: 1.000
Dated: Aug 9, 2024 12:15:50 PM
Measurement: R 3300_holes_3_pcs_pos1 Aug 9-1
Sweep level: -15.0 dBFS
Response measured over: 40.0 to 8,000.0 Hz
Peak value: 0.0014423572 at index 524288
Response length: 1048576 samples
Sample interval: 2.0833333333333333E-5 seconds
Start time: -10.922666666222073 seconds

Format is freq (Hz), BW (octaves), EDT (s), r, T20 (s), r, T30 (s), r, Topt (s), r, ToptStart (dB), ToptEnd (dB), T60M (s), reverse/forward/zero phase filtered, C50 (dB), C80 (dB), D50 (%), TS (s)

50, 1/3, 11.544, -0.998, 13.781, -0.998, 0.000, 0.000, 13.196, -0.999, -5.000, -22.000, 0.000, Reverse, -46.94, -46.81, 0.0, 0.871
63, 1/3, 8.589, -0.997, 10.827, -0.999, 14.708, -0.985, 10.827, -0.999, -5.000, -25.000, 0.000, Reverse, -43.04, -41.18, 0.0, 0.632
80, 1/3, 5.718, -0.998, 9.932, -0.985, 14.221, -0.978, 10.551, -0.994, -13.000, -23.000, 0.000, Reverse, -55.00, -13.12, 0.0, 0.462
100, 1/3, 7.344, -0.996, 9.002, -0.998, 9.359, -0.999, 9.249, -0.999, -5.000, -33.000, 0.000, Reverse, -53.90, -16.76, 0.0, 0.581
125, 1/3, 5.651, -0.988, 6.184, -0.997, 6.716, -0.997, 6.385, -0.998, -5.000, -30.000, 0.000, Reverse, -13.73, -9.45, 4.1, 0.370
160, 1/3, 5.025, -0.986, 4.803, -0.997, 5.212, -0.998, 4.971, -0.998, -5.000, -30.000, 0.000, Reverse, -10.76, -10.27, 7.7, 0.391
200, 1/3, 6.013, -0.990, 5.980, -0.997, 6.187, -0.999, 6.333, -0.999, -5.000, -45.000, 0.000, Reverse, -9.25, -6.30, 10.6, 0.436
250, 1/3, 5.551, -0.998, 5.551, -0.999, 5.797, -0.999, 5.847, -0.999, -5.000, -38.000, 0.000, Reverse, -12.58, -8.19, 5.2, 0.449
315, 1/3, 5.500, -0.998, 5.476, -0.998, 5.591, -0.999, 5.823, -0.999, -5.000, -48.000, 0.000, Reverse, -14.59, -7.35, 3.4, 0.401
400, 1/3, 4.442, -0.999, 5.289, -0.997, 5.306, -0.999, 5.282, -0.999, -5.000, -43.000, 0.000, Reverse, -9.11, -7.01, 10.9, 0.348
500, 1/3, 4.780, -0.997, 4.922, -0.997, 5.047, -0.999, 5.010, -1.000, -5.000, -49.000, 0.000, Reverse, -10.11, -7.08, 8.9, 0.361
630, 1/3, 4.793, -0.998, 4.596, -0.999, 4.475, -0.999, 4.477, -1.000, -5.000, -46.000, 0.000, Reverse, -9.35, -7.68, 10.4, 0.341
800, 1/3, 4.496, -0.993, 4.104, -0.999, 4.171, -0.999, 4.268, -1.000, -5.000, -58.000, 0.000, Reverse, -9.74, -4.78, 9.6, 0.284
1000, 1/3, 3.689, -0.997, 3.639, -0.999, 3.736, -1.000, 3.760, -1.000, -5.000, -49.000, 0.000, Reverse, -7.23, -5.31, 15.9, 0.259
1250, 1/3, 3.437, -0.999, 3.362, -0.999, 3.461, -1.000, 3.505, -1.000, -5.000, -55.000, 0.000, Reverse, -6.76, -4.21, 17.4, 0.244
1600, 1/3, 3.313, -0.999, 3.150, -1.000, 3.210, -1.000, 3.254, -1.000, -5.000, -53.000, 0.000, Reverse, -4.77, -2.57, 25.0, 0.215
2000, 1/3, 3.045, -0.997, 2.872, -0.999, 2.929, -1.000, 2.941, -1.000, -5.000, -46.000, 0.000, Reverse, -4.49, -2.95, 26.2, 0.196
2500, 1/3, 2.558, -0.999, 2.678, -1.000, 2.665, -1.000, 2.689, -1.000, -5.000, -57.000, 0.000, Reverse, -5.76, -3.49, 21.0, 0.194
3150, 1/3, 2.342, -0.999, 2.332, -1.000, 2.324, -1.000, 2.329, -1.000, -5.000, -52.000, 0.000, Reverse, -6.08, -2.69, 19.8, 0.178
4000, 1/3, 1.990, -0.999, 2.061, -1.000, 2.052, -1.000, 2.059, -1.000, -5.000, -47.000, 0.000, Reverse, -5.66, -2.25, 21.4, 0.156
5000, 1/3, 1.689, -0.999, 1.733, -1.000, 1.736, -1.000, 1.736, -1.000, -5.000, -35.000, 0.000, Reverse, -3.50, -0.53, 30.9, 0.127
6300, 1/3, 1.456, -0.999, 1.379, -0.999, 1.431, -0.999, 1.446, -1.000, -5.000, -54.000, 0.000, Reverse, -1.62, 1.33, 40.8, 0.100

RT60 data saved by REW V5.30.9
Source: UMC1820, MICROPHONE (In 1), 4, volume: 1.000
Dated: Aug 9, 2024 12:15:50 PM
Measurement: R 3300_holes_3_pcs_pos1 Aug 9-2
Sweep level: -15.0 dBFS
Response measured over: 40.0 to 8,000.0 Hz
Peak value: 0.001415818 at index 524288
Response length: 1048576 samples
Sample interval: 2.0833333333333333E-5 seconds
Start time: -10.92222596055211 seconds

Format is freq (Hz), BW (octaves), EDT (s), r, T20 (s), r, T30 (s), r, Topt (s), r, ToptStart (dB), ToptEnd (dB), T60M (s), reverse/forward/zero phase filtered, C50 (dB), C80 (dB), D50 (%), TS (s)

50, 1/3, 10.524, -0.996, 12.465, -0.999, 14.362, -0.996, 12.260, -0.999, -5.000, -23.000, 0.000, Reverse, -49.01, -47.95, 0.0, 0.757
63, 1/3, 7.150, -0.996, 10.266, -0.998, 11.313, -0.997, 10.623, -0.999, -5.000, -31.000, 0.000, Reverse, -43.67, -42.87, 0.0, 0.540
80, 1/3, 8.349, -0.997, 11.424, -0.995, 14.812, -0.988, 10.237, -0.999, -5.000, -20.000, 0.000, Reverse, -61.00, -53.34, 0.0, 0.661
100, 1/3, 8.090, -0.996, 9.528, -0.998, 11.133, -0.995, 9.226, -0.999, -5.000, -23.000, 0.000, Reverse, -18.09, -10.26, 1.5, 0.649
125, 1/3, 5.263, -0.993, 7.191, -0.997, 7.311, -0.998, 7.024, -0.999, -5.000, -31.000, 0.000, Reverse, -14.26, -12.85, 3.6, 0.461
160, 1/3, 4.377, -0.980, 5.995, -0.998, 5.914, -0.999, 5.872, -0.999, -5.000, -34.000, 0.000, Reverse, -21.62, -12.41, 0.7, 0.347
200, 1/3, 5.551, -0.994, 5.669, -0.993, 5.975, -0.997, 6.221, -0.998, -5.000, -43.000, 0.000, Reverse, -15.29, -11.05, 2.9, 0.474
250, 1/3, 5.549, -0.995, 5.408, -0.995, 5.940, -0.997, 6.491, -0.999, -5.000, -60.000, 0.000, Reverse, -11.56, -8.91, 6.5, 0.452
315, 1/3, 5.433, -0.994, 5.534, -0.999, 5.826, -0.999, 5.823, -0.999, -5.000, -39.000, 0.000, Reverse, -7.53, -6.17, 15.0, 0.366
400, 1/3, 4.914, -0.998, 5.560, -0.999, 5.527, -1.000, 5.458, -1.000, -5.000, -46.000, 0.000, Reverse, -6.38, -5.37, 18.7, 0.348
500, 1/3, 4.822, -0.998, 4.693, -0.998, 4.888, -0.999, 5.017, -0.999, -5.000, -48.000, 0.000, Reverse, -10.50, -8.78, 8.2, 0.374
630, 1/3, 4.580, -0.998, 4.341, -0.999, 4.468, -0.999, 4.560, -0.999, -5.000, -46.000, 0.000, Reverse, -6.98, -4.89, 16.7, 0.315
800, 1/3, 4.008, -0.998, 4.218, -0.999, 4.192, -1.000, 4.172, -1.000, -5.000, -52.000, 0.000, Reverse, -8.48, -7.20, 12.4, 0.314
1000, 1/3, 3.832, -0.998, 3.563, -0.999, 3.614, -1.000, 3.689, -1.000, -5.000, -47.000, 0.000, Reverse, -6.00, -4.02, 20.1, 0.262
1250, 1/3, 3.641, -0.999, 3.379, -1.000, 3.374, -1.000, 3.377, -1.000, -5.000, -36.000, 0.000, Reverse, -5.15, -3.10, 23.4, 0.242
1600, 1/3, 3.242, -0.999, 3.252, -1.000, 3.236, -1.000, 3.228, -1.000, -5.000, -50.000, 0.000, Reverse, -4.32, -2.57, 27.0, 0.213
2000, 1/3, 2.732, -0.999, 3.107, -0.999, 3.045, -1.000, 3.034, -1.000, -5.000, -60.000, 0.000, Reverse, -4.67, -2.87, 25.4, 0.197
2500, 1/3, 2.585, -0.999, 2.653, -1.000, 2.693, -1.000, 2.732, -1.000, -5.000, -57.000, 0.000, Reverse, -4.34, -1.65, 26.9, 0.176
3150, 1/3, 2.321, -0.999, 2.312, -1.000, 2.299, -1.000, 2.312, -1.000, -5.000, -51.000, 0.000, Reverse, -4.69, -2.18, 25.3, 0.170
4000, 1/3, 1.984, -0.999, 2.071, -1.000, 2.049, -1.000, 2.063, -1.000, -5.000, -51.000, 0.000, Reverse, -4.03, -2.03, 28.3, 0.149
5000, 1/3, 1.787, -0.999, 1.669, -1.000, 1.705, -1.000, 1.716, -1.000, -5.000, -45.000, 0.000, Reverse, -2.08, 0.07, 38.2, 0.120
6300, 1/3, 1.429, -0.998, 1.445, -1.000, 1.466, -1.000, 1.460, -1.000, -5.000, -54.000, 0.000, Reverse, -0.94, 1.31, 44.6, 0.098

RT60 data saved by REW V5.30.9
Source: UMC1820, MICROPHONE (In 1), 5, volume: 1.000
Dated: Aug 9, 2024 12:15:50 PM
Measurement: R 3300_holes_3_pcs_pos1 Aug 9-3
Sweep level: -15.0 dBFS
Response measured over: 40.0 to 8,000.0 Hz
Peak value: 0.001231634 at index 524288
Response length: 1048576 samples
Sample interval: 2.0833333333333333E-5 seconds
Start time: -10.939339696703142 seconds

Format is freq (Hz), BW (octaves), EDT (s), r, T20 (s), r, T30 (s), r, Topt (s), r, ToptStart (dB), ToptEnd (dB), T60M (s), reverse/forward/zero phase filtered, C50 (dB), C80 (dB), D50 (%), TS (s)

50, 1/3, 11.753, -0.998, 12.677, -0.999, 13.214, -0.999, 13.214, -0.999, -5.000, -35.000, 0.000, Reverse, -40.74, -41.72, 0.0, 0.860
63, 1/3, 8.427, -0.997, 9.422, -1.000, 10.121, -0.998, 9.452, -1.000, -5.000, -27.000, 0.000, Reverse, -46.83, -40.46, 0.0, 0.629
80, 1/3, 8.059, -0.996, 9.506, -0.998, 13.131, -0.984, 9.056, -0.999, -5.000, -21.000, 0.000, Reverse, -50.07, -15.56, 0.0, 0.615
100, 1/3, 9.059, -0.997, 9.433, -0.999, 9.958, -0.999, 9.515, -1.000, -5.000, -28.000, 0.000, Reverse, -15.35, -10.96, 2.8, 0.626
125, 1/3, 5.922, -0.996, 6.124, -0.998, 6.275, -0.999, 6.323, -0.999, -5.000, -37.000, 0.000, Reverse, -22.95, -14.43, 0.5, 0.445
160, 1/3, 5.909, -0.990, 5.167, -0.996, 5.298, -0.998, 5.253, -0.998, -5.000, -34.000, 0.000, Reverse, -15.99, -9.13, 2.5, 0.365
200, 1/3, 4.787, -0.986, 5.810, -0.999, 5.986, -0.999, 5.840, -0.999, -5.000, -31.000, 0.000, Reverse, -14.07, -11.17, 3.8, 0.345
250, 1/3, 5.813, -0.994, 5.777, -0.998, 5.856, -0.999, 5.868, -0.999, -5.000, -36.000, 0.000, Reverse, -9.23, -7.49, 10.7, 0.390
315, 1/3, 5.953, -0.997, 5.714, -0.997, 5.769, -0.999, 6.104, -0.999, -5.000, -60.000, 0.000, Reverse, -10.84, -7.70, 7.6, 0.427
400, 1/3, 4.961, -0.995, 5.539, -1.000, 5.512, -1.000, 5.558, -1.000, -5.000, -51.000, 0.000, Reverse, -11.78, -9.49, 6.2, 0.389
500, 1/3, 4.984, -0.998, 4.997, -0.999, 5.032, -1.000, 5.138, -1.000, -5.000, -58.000, 0.000, Reverse, -10.43, -7.40, 8.3, 0.379
630, 1/3, 4.357, -0.998, 4.608, -0.999, 4.533, -1.000, 4.593, -1.000, -5.000, -48.000, 0.000, Reverse, -8.74, -6.75, 11.8, 0.341
800, 1/3, 4.077, -0.994, 4.235, -0.998, 4.189, -0.999, 4.297, -1.000, -5.000, -60.000, 0.000, Reverse, -8.14, -5.76, 13.3, 0.318
1000, 1/3, 3.568, -0.999, 3.708, -1.000, 3.717, -1.000, 3.695, -1.000, -5.000, -46.000, 0.000, Reverse, -7.47, -5.31, 15.2, 0.272
1250, 1/3, 3.254, -0.998, 3.479, -0.999, 3.482, -1.000, 3.502, -1.000, -5.000, -56.000, 0.000, Reverse, -7.05, -4.78, 16.5, 0.240
1600, 1/3, 3.244, -1.000, 3.257, -0.999, 3.213, -1.000, 3.227, -1.000, -5.000, -55.000, 0.000, Reverse, -6.17, -3.39, 19.4, 0.229
2000, 1/3, 2.798, -0.999, 3.000, -1.000, 2.995, -1.000, 2.987, -1.000, -5.000, -52.000, 0.000, Reverse, -6.05, -3.30, 19.9, 0.204
2500, 1/3, 2.641, -0.997, 2.633, -0.999, 2.665, -1.000, 2.723, -1.000, -5.000, -57.000, 0.000, Reverse, -4.32, -2.26, 27.0, 0.180
3150, 1/3, 2.307, -0.999, 2.304, -1.000, 2.327, -1.000, 2.347, -1.000, -5.000, -54.000, 0.000, Reverse, -4.08, -1.61, 28.1, 0.165
4000, 1/3, 1.938, -0.999, 2.045, -1.000, 2.038, -1.000, 2.040, -1.000, -5.000, -48.000, 0.000, Reverse, -4.07, -1.06, 28.2, 0.146
5000, 1/3, 1.625, -0.999, 1.743, -1.000, 1.719, -1.000, 1.724, -1.000, -5.000, -43.000, 0.000, Reverse, -4.52, -1.31, 26.1, 0.130
6300, 1/3, 1.377, -0.999, 1.424, -0.999, 1.411, -1.000, 1.409, -1.000, -5.000, -43.000, 0.000, Reverse, -2.93, 0.41, 33.7, 0.106

RT60 data saved by REW V5.30.9
Source: UMC1820, MICROPHONE (In 1), 6, volume: 1.000
Dated: Aug 9, 2024 12:15:50 PM
Measurement: R 3300_holes_3_pcs_pos1 Aug 9-4
Sweep level: -15.0 dBFS
Response measured over: 40.0 to 8,000.0 Hz
Peak value: 0.002043495 at index 524288
Response length: 1048576 samples
Sample interval: 2.0833333333333333E-5 seconds
Start time: -10.939636453676862 seconds

Format is freq (Hz), BW (octaves), EDT (s), r, T20 (s), r, T30 (s), r, Topt (s), r, ToptStart (dB), ToptEnd (dB), T60M (s), reverse/forward/zero phase filtered, C50 (dB), C80 (dB), D50 (%), TS (s)

50, 1/3, 11.042, -0.997, 12.186, -0.998, 11.888, -0.998, 11.888, -0.998, -5.000, -35.000, 0.000, Reverse, -51.03, -48.12, 0.0, 0.824
63, 1/3, 9.868, -0.997, 11.543, -0.996, 12.733, -0.996, 10.624, -0.998, -5.000, -21.000, 0.000, Reverse, -38.52, -43.22, 0.0, 0.768
80, 1/3, 8.597, -0.998, 9.723, -0.999, 11.827, -0.992, 9.723, -0.999, -5.000, -25.000, 0.000, Reverse, -47.65, -13.92, 0.0, 0.618
100, 1/3, 8.357, -0.997, 9.155, -0.999, 10.703, -0.995, 8.962, -0.999, -5.000, -23.000, 0.000, Reverse, -56.57, -17.63, 0.0, 0.658
125, 1/3, 5.103, -0.993, 6.032, -0.997, 6.209, -0.999, 6.209, -0.999, -5.000, -35.000, 0.000, Reverse, -16.12, -16.15, 2.4, 0.401
160, 1/3, 5.227, -0.995, 6.377, -0.998, 6.712, -0.999, 6.826, -0.999, -5.000, -38.000, 0.000, Reverse, -7.98, -6.28, 13.7, 0.470
200, 1/3, 6.181, -0.993, 5.741, -0.998, 6.222, -0.998, 6.464, -0.999, -5.000, -46.000, 0.000, Reverse, -12.90, -8.23, 4.9, 0.468
250, 1/3, 5.364, -0.996, 5.657, -0.998, 5.562, -0.999, 5.784, -0.999, -5.000, -51.000, 0.000, Reverse, -9.61, -6.64, 9.9, 0.418
315, 1/3, 6.016, -0.994, 5.318, -0.999, 5.329, -0.999, 5.302, -0.999, -5.000, -34.000, 0.000, Reverse, -7.90, -6.60, 13.9, 0.378
400, 1/3, 5.698, -0.998, 5.184, -0.999, 5.242, -1.000, 5.266, -1.000, -5.000, -47.000, 0.000, Reverse, -7.52, -6.26, 15.0, 0.402
500, 1/3, 4.796, -0.997, 5.177, -0.999, 5.070, -0.999, 5.042, -1.000, -5.000, -50.000, 0.000, Reverse, -12.67, -9.96, 5.1, 0.388
630, 1/3, 4.760, -0.999, 4.487, -0.999, 4.548, -0.999, 4.610, -1.000, -5.000, -60.000, 0.000, Reverse, -8.70, -7.19, 11.9, 0.345
800, 1/3, 4.410, -0.999, 4.221, -0.999, 4.185, -1.000, 4.202, -1.000, -5.000, -56.000, 0.000, Reverse, -7.22, -5.60, 15.9, 0.317
1000, 1/3, 3.712, -0.998, 3.463, -0.999, 3.599, -0.999, 3.800, -0.999, -5.000, -56.000, 0.000, Reverse, -7.26, -2.68, 15.8, 0.245
1250, 1/3, 3.496, -0.999, 3.420, -0.999, 3.315, -0.999, 3.367, -0.999, -5.000, -43.000, 0.000, Reverse, -6.08, -4.15, 19.8, 0.240
1600, 1/3, 3.237, -0.997, 3.165, -1.000, 3.183, -1.000, 3.236, -1.000, -5.000, -55.000, 0.000, Reverse, -6.87, -3.85, 17.1, 0.219
2000, 1/3, 2.990, -0.997, 2.986, -1.000, 3.041, -1.000, 3.041, -1.000, -5.000, -55.000, 0.000, Reverse, -4.95, -2.65, 24.2, 0.194
2500, 1/3, 2.480, -1.000, 2.608, -1.000, 2.688, -1.000, 2.741, -1.000, -5.000, -60.000, 0.000, Reverse, -5.07, -2.58, 23.7, 0.180
3150, 1/3, 2.420, -0.999, 2.282, -1.000, 2.302, -1.000, 2.310, -1.000, -5.000, -38.000, 0.000, Reverse, -4.37, -1.86, 26.8, 0.169
4000, 1/3, 1.914, -0.999, 2.018, -1.000, 2.039, -1.000, 2.031, -1.000, -5.000, -45.000, 0.000, Reverse, -4.24, -0.92, 27.3, 0.140
5000, 1/3, 1.723, -1.000, 1.769, -1.000, 1.761, -1.000, 1.754, -1.000, -5.000, -51.000, 0.000, Reverse, -2.96, -0.13, 33.6, 0.122
6300, 1/3, 1.269, -0.999, 1.415, -0.999, 1.438, -1.000, 1.448, -1.000, -5.000, -52.000, 0.000, Reverse, -1.78, 1.35, 39.9, 0.092

RT60 data saved by REW V5.30.9
Source: UMC1820, MICROPHONE (In 1), 3, volume: 1.000
Dated: Aug 9, 2024 12:17:48 PM
Measurement: R 3300_holes_3_pcs_pos1 Aug 9-1
Sweep level: -15.0 dBFS
Response measured over: 40.0 to 8,000.0 Hz
Peak value: 0.0026284258 at index 524288
Response length: 1048576 samples
Sample interval: 2.0833333333333333E-5 seconds
Start time: -10.922666665336994 seconds

Format is freq (Hz), BW (octaves), EDT (s), r, T20 (s), r, T30 (s), r, Topt (s), r, ToptStart (dB), ToptEnd (dB), T60M (s), reverse/forward/zero phase filtered, C50 (dB), C80 (dB), D50 (%), TS (s)

50, 1/3, 11.586, -0.998, 15.042, -0.997, 0.000, 0.000, 13.868, -0.999, -5.000, -20.000, 0.000, Reverse, -43.19, -39.66, 0.0, 0.917
63, 1/3, 8.231, -0.993, 11.939, -0.999, 14.415, -0.993, 11.939, -0.999, -5.000, -25.000, 0.000, Reverse, -43.76, -44.09, 0.0, 0.653
80, 1/3, 8.101, -0.997, 10.054, -0.998, 13.868, -0.980, 10.054, -0.998, -5.000, -25.000, 0.000, Reverse, -46.76, -45.94, 0.0, 0.603
100, 1/3, 9.141, -0.998, 8.966, -1.000, 9.062, -1.000, 9.022, -1.000, -5.000, -34.000, 0.000, Reverse, -57.52, -19.85, 0.0, 0.665
125, 1/3, 5.986, -0.994, 7.410, -0.998, 8.133, -0.998, 7.410, -0.998, -5.000, -25.000, 0.000, Reverse, -22.72, -13.74, 0.5, 0.471
160, 1/3, 6.307, -0.986, 5.674, -0.993, 6.299, -0.996, 6.509, -0.996, -5.000, -39.000, 0.000, Reverse, -18.58, -10.86, 1.4, 0.447
200, 1/3, 5.646, -0.987, 5.793, -0.991, 6.040, -0.997, 6.231, -0.998, -5.000, -43.000, 0.000, Reverse, -12.67, -8.14, 5.1, 0.435
250, 1/3, 5.935, -0.992, 5.689, -0.996, 6.037, -0.998, 6.389, -0.999, -5.000, -60.000, 0.000, Reverse, -11.70, -10.78, 6.3, 0.415
315, 1/3, 5.475, -0.994, 5.840, -0.999, 5.746, -1.000, 5.719, -1.000, -5.000, -41.000, 0.000, Reverse, -12.43, -9.86, 5.4, 0.420
400, 1/3, 4.957, -0.998, 5.432, -0.998, 5.550, -0.999, 5.507, -1.000, -5.000, -60.000, 0.000, Reverse, -12.08, -10.06, 5.8, 0.384
500, 1/3, 4.496, -0.996, 5.238, -0.998, 5.225, -0.999, 5.223, -1.000, -5.000, -60.000, 0.000, Reverse, -10.48, -8.09, 8.2, 0.371
630, 1/3, 4.694, -0.998, 4.419, -1.000, 4.491, -1.000, 4.491, -1.000, -5.000, -35.000, 0.000, Reverse, -7.98, -6.54, 13.7, 0.340
800, 1/3, 4.167, -0.999, 4.197, -0.998, 4.191, -0.999, 4.213, -1.000, -5.000, -51.000, 0.000, Reverse, -8.43, -6.67, 12.5, 0.323
1000, 1/3, 3.554, -0.998, 3.594, -0.999, 3.764, -0.999, 3.766, -1.000, -5.000, -55.000, 0.000, Reverse, -8.06, -5.00, 13.5, 0.258
1250, 1/3, 3.384, -0.998, 3.304, -0.999, 3.420, -0.999, 3.430, -1.000, -5.000, -53.000, 0.000, Reverse, -6.31, -3.02, 19.0, 0.232
1600, 1/3, 3.242, -0.998, 3.186, -1.000, 3.167, -1.000, 3.211, -1.000, -5.000, -50.000, 0.000, Reverse, -7.47, -4.33, 15.2, 0.244
2000, 1/3, 3.075, -0.998, 2.973, -0.999, 2.997, -1.000, 3.014, -1.000, -5.000, -57.000, 0.000, Reverse, -6.77, -3.75, 17.4, 0.219
2500, 1/3, 2.883, -0.999, 2.643, -0.999, 2.671, -1.000, 2.643, -1.000, -5.000, -53.000, 0.000, Reverse, -6.35, -4.83, 18.8, 0.217
3150, 1/3, 2.346, -0.999, 2.326, -1.000, 2.313, -1.000, 2.335, -1.000, -5.000, -58.000, 0.000, Reverse, -5.14, -3.09, 23.4, 0.173
4000, 1/3, 1.857, -0.999, 2.010, -1.000, 1.984, -1.000, 1.975, -1.000, -5.000, -47.000, 0.000, Reverse, -3.63, -1.16, 30.3, 0.134
5000, 1/3, 1.645, -1.000, 1.688, -1.000, 1.700, -1.000, 1.698, -1.000, -5.000, -45.000, 0.000, Reverse, -1.99, 0.22, 38.7, 0.111
6300, 1/3, 1.413, -0.998, 1.408, -1.000, 1.399, -1.000, 1.396, -1.000, -5.000, -50.000, 0.000, Reverse, -1.16, 0.86, 43.4, 0.095

RT60 data saved by REW V5.30.9
Source: UMC1820, MICROPHONE (In 1), 4, volume: 1.000
Dated: Aug 9, 2024 12:17:48 PM
Measurement: R 3300_holes_3_pcs_pos1 Aug 9-2
Sweep level: -15.0 dBFS
Response measured over: 40.0 to 8,000.0 Hz
Peak value: 0.001779614 at index 524288
Response length: 1048576 samples
Sample interval: 2.0833333333333333E-5 seconds
Start time: -10.91374548550456 seconds

Format is freq (Hz), BW (octaves), EDT (s), r, T20 (s), r, T30 (s), r, Topt (s), r, ToptStart (dB), ToptEnd (dB), T60M (s), reverse/forward/zero phase filtered, C50 (dB), C80 (dB), D50 (%), TS (s)

50, 1/3, 11.105, -0.998, 16.376, -0.991, 0.000, 0.000, 14.087, -0.997, -5.000, -21.000, 0.000, Reverse, -49.02, -44.32, 0.0, 0.855
63, 1/3, 5.029, -0.999, 9.945, -0.976, 13.211, -0.983, 13.670, -0.998, -14.000, -30.000, 0.000, Reverse, -53.86, -52.14, 0.0, 0.423
80, 1/3, 7.650, -0.995, 9.853, -0.998, 11.061, -0.996, 9.853, -0.998, -5.000, -25.000, 0.000, Reverse, -53.42, -45.04, 0.0, 0.588
100, 1/3, 9.354, -0.996, 8.828, -0.999, 9.712, -0.997, 9.008, -0.999, -5.000, -29.000, 0.000, Reverse, -20.32, -12.57, 0.9, 0.724
125, 1/3, 6.195, -0.993, 8.119, -0.998, 8.275, -0.999, 8.360, -0.999, -5.000, -42.000, 0.000, Reverse, -17.08, -8.11, 1.9, 0.501
160, 1/3, 6.356, -0.993, 7.534, -0.998, 7.482, -0.999, 7.689, -0.999, -5.000, -45.000, 0.000, Reverse, -13.73, -6.80, 4.1, 0.435
200, 1/3, 5.847, -0.995, 5.856, -0.998, 6.177, -0.998, 6.091, -0.999, -5.000, -33.000, 0.000, Reverse, -17.90, -5.72, 1.6, 0.416
250, 1/3, 5.513, -0.998, 5.531, -0.998, 5.852, -0.998, 6.364, -0.999, -5.000, -60.000, 0.000, Reverse, -12.85, -6.53, 4.9, 0.387
315, 1/3, 6.569, -0.999, 5.491, -0.998, 5.649, -0.999, 5.661, -1.000, -5.000, -45.000, 0.000, Reverse, -9.52, -7.76, 10.0, 0.461
400, 1/3, 5.397, -0.998, 5.560, -0.999, 5.421, -0.999, 5.449, -1.000, -5.000, -60.000, 0.000, Reverse, -10.99, -8.13, 7.4, 0.392
500, 1/3, 4.443, -0.999, 4.939, -0.999, 5.040, -1.000, 5.001, -1.000, -5.000, -46.000, 0.000, Reverse, -10.60, -8.37, 8.0, 0.357
630, 1/3, 4.678, -0.998, 4.742, -0.999, 4.750, -1.000, 4.709, -1.000, -5.000, -41.000, 0.000, Reverse, -9.66, -7.03, 9.8, 0.341
800, 1/3, 4.037, -0.999, 4.155, -0.999, 4.315, -0.999, 4.238, -1.000, -5.000, -54.000, 0.000, Reverse, -9.33, -5.76, 10.4, 0.314
1000, 1/3, 3.588, -0.999, 3.567, -0.999, 3.580, -1.000, 3.612, -1.000, -5.000, -40.000, 0.000, Reverse, -6.86, -3.80, 17.1, 0.256
1250, 1/3, 3.312, -0.999, 3.505, -0.999, 3.399, -1.000, 3.386, -1.000, -5.000, -45.000, 0.000, Reverse, -7.00, -4.22, 16.6, 0.248
1600, 1/3, 3.109, -0.999, 3.368, -1.000, 3.266, -1.000, 3.273, -1.000, -5.000, -57.000, 0.000, Reverse, -6.90, -3.29, 17.0, 0.229
2000, 1/3, 3.032, -0.997, 3.032, -1.000, 2.985, -1.000, 2.979, -1.000, -5.000, -45.000, 0.000, Reverse, -6.59, -3.69, 18.0, 0.213
2500, 1/3, 2.509, -0.999, 2.759, -1.000, 2.721, -0.999, 2.721, -1.000, -5.000, -55.000, 0.000, Reverse, -5.87, -3.05, 20.6, 0.188
3150, 1/3, 2.332, -0.999, 2.339, -0.999, 2.322, -1.000, 2.320, -1.000, -5.000, -57.000, 0.000, Reverse, -4.59, -1.86, 25.8, 0.166
4000, 1/3, 1.910, -0.999, 2.027, -1.000, 2.020, -1.000, 2.022, -1.000, -5.000, -37.000, 0.000, Reverse, -3.98, -1.20, 28.6, 0.140
5000, 1/3, 1.686, -1.000, 1.689, -1.000, 1.686, -1.000, 1.695, -1.000, -5.000, -41.000, 0.000, Reverse, -2.48, -0.06, 36.1, 0.119
6300, 1/3, 1.285, -0.999, 1.388, -1.000, 1.402, -1.000, 1.403, -1.000, -5.000, -41.000, 0.000, Reverse, -0.62, 2.07, 46.5, 0.088

RT60 data saved by REW V5.30.9
Source: UMC1820, MICROPHONE (In 1), 5, volume: 1.000
Dated: Aug 9, 2024 12:17:49 PM
Measurement: R 3300_holes_3_pcs_pos1 Aug 9-3
Sweep level: -15.0 dBFS
Response measured over: 40.0 to 8,000.0 Hz
Peak value: 9.1503887E-4 at index 524288
Response length: 1048576 samples
Sample interval: 2.0833333333333333E-5 seconds
Start time: -10.906224167430752 seconds

Format is freq (Hz), BW (octaves), EDT (s), r, T20 (s), r, T30 (s), r, Topt (s), r, ToptStart (dB), ToptEnd (dB), T60M (s), reverse/forward/zero phase filtered, C50 (dB), C80 (dB), D50 (%), TS (s)

50, 1/3, 10.903, -0.997, 18.834, -0.983, 0.000, 0.000, 14.304, -0.997, -5.000, -20.000, 0.000, Reverse, -46.60, -39.40, 0.0, 0.802
63, 1/3, 8.456, -0.994, 11.782, -0.996, 15.767, -0.985, 11.350, -0.997, -5.000, -23.000, 0.000, Reverse, -52.81, -29.84, 0.0, 0.563
80, 1/3, 8.322, -0.992, 9.613, -0.999, 11.173, -0.994, 9.620, -0.999, -5.000, -26.000, 0.000, Reverse, -15.74, -15.33, 2.6, 0.591
100, 1/3, 8.945, -0.995, 9.781, -0.999, 10.393, -0.999, 9.800, -0.999, -5.000, -26.000, 0.000, Reverse, -22.68, -11.80, 0.5, 0.617
125, 1/3, 5.995, -0.986, 7.304, -0.998, 7.464, -0.999, 7.472, -0.999, -5.000, -39.000, 0.000, Reverse, -18.98, -6.55, 1.2, 0.415
160, 1/3, 4.576, -0.995, 5.925, -0.996, 6.085, -0.997, 6.273, -0.998, -5.000, -43.000, 0.000, Reverse, -26.73, -8.54, 0.2, 0.377
200, 1/3, 4.735, -0.990, 6.116, -0.993, 6.327, -0.998, 6.516, -0.999, -5.000, -45.000, 0.000, Reverse, -15.00, -9.96, 3.1, 0.387
250, 1/3, 5.743, -0.995, 6.149, -0.999, 6.283, -0.999, 6.509, -1.000, -5.000, -52.000, 0.000, Reverse, -11.74, -6.86, 6.3, 0.413
315, 1/3, 5.183, -0.996, 5.436, -0.999, 5.666, -0.998, 5.853, -0.999, -5.000, -60.000, 0.000, Reverse, -13.09, -7.11, 4.7, 0.367
400, 1/3, 5.481, -0.996, 5.228, -0.999, 5.450, -0.999, 5.524, -1.000, -5.000, -60.000, 0.000, Reverse, -9.95, -6.91, 9.2, 0.358
500, 1/3, 4.384, -0.996, 5.167, -0.999, 5.187, -1.000, 5.128, -1.000, -5.000, -55.000, 0.000, Reverse, -10.69, -7.71, 7.9, 0.336
630, 1/3, 4.764, -0.994, 4.250, -0.999, 4.587, -0.999, 4.719, -1.000, -5.000, -60.000, 0.000, Reverse, -8.99, -7.50, 11.2, 0.363
800, 1/3, 4.054, -0.999, 4.100, -1.000, 4.141, -1.000, 4.179, -1.000, -5.000, -48.000, 0.000, Reverse, -9.44, -6.28, 10.2, 0.309
1000, 1/3, 3.485, -0.998, 3.724, -0.999, 3.744, -1.000, 3.835, -1.000, -5.000, -52.000, 0.000, Reverse, -6.56, -4.47, 18.1, 0.263
1250, 1/3, 3.774, -0.996, 3.409, -1.000, 3.354, -1.000, 3.355, -1.000, -5.000, -40.000, 0.000, Reverse, -6.50, -3.52, 18.3, 0.245
1600, 1/3, 3.609, -0.998, 3.199, -0.999, 3.209, -1.000, 3.249, -1.000, -5.000, -56.000, 0.000, Reverse, -4.92, -2.95, 24.3, 0.235
2000, 1/3, 3.185, -0.999, 2.997, -0.999, 2.924, -1.000, 2.980, -1.000, -5.000, -60.000, 0.000, Reverse, -5.56, -3.02, 21.7, 0.227
2500, 1/3, 2.608, -0.999, 2.644, -0.999, 2.673, -1.000, 2.722, -1.000, -5.000, -60.000, 0.000, Reverse, -6.83, -3.52, 17.2, 0.195
3150, 1/3, 2.257, -0.998, 2.340, -1.000, 2.316, -1.000, 2.290, -1.000, -5.000, -48.000, 0.000, Reverse, -4.90, -1.79, 24.4, 0.162
4000, 1/3, 1.931, -0.998, 2.012, -1.000, 2.034, -1.000, 2.061, -1.000, -5.000, -55.000, 0.000, Reverse, -3.89, -0.80, 29.0, 0.139
5000, 1/3, 1.682, -0.999, 1.688, -0.999, 1.678, -1.000, 1.722, -1.000, -5.000, -51.000, 0.000, Reverse, -3.97, -0.74, 28.6, 0.127
6300, 1/3, 1.457, -1.000, 1.458, -0.999, 1.395, -0.999, 1.400, -1.000, -5.000, -49.000, 0.000, Reverse, -2.60, -0.08, 35.5, 0.112

RT60 data saved by REW V5.30.9
Source: UMC1820, MICROPHONE (In 1), 6, volume: 1.000
Dated: Aug 9, 2024 12:17:49 PM
Measurement: R 3300_holes_3_pcs_pos1 Aug 9-4
Sweep level: -15.0 dBFS
Response measured over: 40.0 to 8,000.0 Hz
Peak value: 0.00172799 at index 524288
Response length: 1048576 samples
Sample interval: 2.0833333333333333E-5 seconds
Start time: -10.892811757154217 seconds

Format is freq (Hz), BW (octaves), EDT (s), r, T20 (s), r, T30 (s), r, Topt (s), r, ToptStart (dB), ToptEnd (dB), T60M (s), reverse/forward/zero phase filtered, C50 (dB), C80 (dB), D50 (%), TS (s)

50, 1/3, 8.780, -0.995, 13.320, -0.995, 13.745, -0.996, 13.199, -0.997, -5.000, -27.000, 0.000, Reverse, -51.82, -51.26, 0.0, 0.702
63, 1/3, 11.202, -0.994, 11.034, -0.998, 12.893, -0.994, 11.188, -0.998, -5.000, -27.000, 0.000, Reverse, -50.17, -50.56, 0.0, 0.866
80, 1/3, 8.508, -0.996, 9.798, -0.998, 10.948, -0.997, 10.113, -0.998, -5.000, -28.000, 0.000, Reverse, -57.03, -23.20, 0.0, 0.664
100, 1/3, 7.298, -0.996, 10.288, -0.998, 11.324, -0.997, 10.599, -0.999, -5.000, -29.000, 0.000, Reverse, -63.04, -20.35, 0.0, 0.610
125, 1/3, 6.387, -0.995, 6.839, -0.998, 7.399, -0.998, 7.119, -0.998, -5.000, -31.000, 0.000, Reverse, -9.46, -5.13, 10.2, 0.459
160, 1/3, 6.042, -0.995, 6.842, -0.998, 7.117, -0.999, 7.041, -0.999, -5.000, -33.000, 0.000, Reverse, -19.73, -11.32, 1.1, 0.523
200, 1/3, 5.951, -0.996, 6.167, -0.997, 6.399, -0.998, 6.226, -0.999, -5.000, -32.000, 0.000, Reverse, -18.13, -9.48, 1.5, 0.452
250, 1/3, 5.673, -0.996, 5.122, -0.997, 5.406, -0.998, 5.336, -0.998, -5.000, -34.000, 0.000, Reverse, -14.24, -7.99, 3.6, 0.409
315, 1/3, 5.592, -0.996, 5.392, -0.999, 5.486, -0.999, 5.770, -0.999, -5.000, -60.000, 0.000, Reverse, -11.19, -9.44, 7.1, 0.383
400, 1/3, 4.584, -0.997, 5.641, -0.998, 5.508, -0.999, 5.538, -1.000, -5.000, -60.000, 0.000, Reverse, -9.14, -6.79, 10.9, 0.366
500, 1/3, 4.708, -0.993, 4.819, -0.999, 4.938, -0.999, 5.049, -1.000, -5.000, -55.000, 0.000, Reverse, -7.89, -6.29, 14.0, 0.371
630, 1/3, 4.347, -0.996, 4.524, -0.999, 4.609, -1.000, 4.651, -1.000, -5.000, -50.000, 0.000, Reverse, -7.42, -4.89, 15.3, 0.322
800, 1/3, 4.110, -0.998, 4.202, -0.999, 4.168, -1.000, 4.179, -1.000, -5.000, -44.000, 0.000, Reverse, -5.10, -3.23, 23.6, 0.276
1000, 1/3, 3.736, -0.994, 3.811, -0.999, 3.774, -1.000, 3.785, -1.000, -5.000, -52.000, 0.000, Reverse, -5.71, -3.88, 21.2, 0.249
1250, 1/3, 3.588, -0.999, 3.415, -1.000, 3.355, -1.000, 3.397, -1.000, -5.000, -47.000, 0.000, Reverse, -5.24, -3.68, 23.0, 0.256
1600, 1/3, 2.877, -0.999, 3.288, -0.999, 3.275, -1.000, 3.211, -1.000, -5.000, -55.000, 0.000, Reverse, -5.58, -3.86, 21.7, 0.215
2000, 1/3, 2.991, -0.999, 3.088, -1.000, 3.016, -1.000, 2.989, -1.000, -5.000, -60.000, 0.000, Reverse, -5.21, -2.85, 23.1, 0.210
2500, 1/3, 2.426, -0.998, 2.728, -0.999, 2.736, -1.000, 2.721, -1.000, -5.000, -59.000, 0.000, Reverse, -3.01, -1.11, 33.4, 0.161
3150, 1/3, 2.245, -0.999, 2.213, -0.999, 2.287, -0.999, 2.346, -1.000, -5.000, -57.000, 0.000, Reverse, -4.06, -2.10, 28.2, 0.164
4000, 1/3, 1.776, -0.998, 2.011, -1.000, 1.990, -1.000, 1.991, -1.000, -5.000, -38.000, 0.000, Reverse, -4.09, -1.74, 28.0, 0.137
5000, 1/3, 1.525, -1.000, 1.750, -1.000, 1.728, -1.000, 1.731, -1.000, -5.000, -51.000, 0.000, Reverse, -2.73, -0.36, 34.8, 0.117
6300, 1/3, 1.444, -0.999, 1.404, -0.999, 1.418, -1.000, 1.407, -1.000, -5.000, -52.000, 0.000, Reverse, -1.77, 0.86, 40.0, 0.102

RT60 data saved by REW V5.30.9
Source: UMC1820, MICROPHONE (In 1), 3, volume: 1.000
Dated: Aug 9, 2024 12:18:23 PM
Measurement: L 3300_holes_3_pcs_pos1 Aug 9-1
Sweep level: -15.0 dBFS
Response measured over: 40.0 to 8,000.0 Hz
Peak value: 6.8288366E-4 at index 524288
Response length: 1048576 samples
Sample interval: 2.0833333333333333E-5 seconds
Start time: -10.922666655007065 seconds

Format is freq (Hz), BW (octaves), EDT (s), r, T20 (s), r, T30 (s), r, Topt (s), r, ToptStart (dB), ToptEnd (dB), T60M (s), reverse/forward/zero phase filtered, C50 (dB), C80 (dB), D50 (%), TS (s)

50, 1/3, 10.930, -0.993, 15.206, -0.997, 0.000, 0.000, 15.554, -0.998, -5.000, -32.000, 0.000, Reverse, -43.46, -39.73, 0.0, 0.811
63, 1/3, 6.238, -0.993, 11.421, -0.985, 14.368, -0.987, 16.048, -0.996, -12.000, -36.000, 0.000, Reverse, -40.49, -7.14, 0.0, 0.468
80, 1/3, 6.731, -0.978, 8.679, -0.998, 11.202, -0.987, 8.679, -0.998, -5.000, -25.000, 0.000, Reverse, -22.35, -17.30, 0.6, 0.462
100, 1/3, 8.515, -0.997, 9.243, -1.000, 9.723, -0.999, 9.335, -1.000, -5.000, -28.000, 0.000, Reverse, -55.31, -15.60, 0.0, 0.625
125, 1/3, 8.099, -0.998, 8.644, -0.999, 8.815, -1.000, 8.914, -1.000, -5.000, -42.000, 0.000, Reverse, -17.22, -10.59, 1.9, 0.565
160, 1/3, 5.297, -0.993, 5.802, -0.998, 5.953, -0.999, 5.953, -0.999, -5.000, -35.000, 0.000, Reverse, -12.10, -11.17, 5.8, 0.402
200, 1/3, 3.922, -0.995, 5.839, -0.998, 5.873, -0.999, 5.843, -0.999, -5.000, -34.000, 0.000, Reverse, -16.82, -10.21, 2.0, 0.367
250, 1/3, 5.377, -0.994, 5.719, -0.999, 5.724, -1.000, 5.688, -1.000, -5.000, -42.000, 0.000, Reverse, -13.70, -7.14, 4.1, 0.408
315, 1/3, 5.448, -0.998, 5.459, -0.999, 5.782, -0.999, 5.877, -0.999, -5.000, -44.000, 0.000, Reverse, -11.95, -8.11, 6.0, 0.385
400, 1/3, 5.235, -0.994, 5.280, -0.999, 5.411, -0.999, 5.597, -1.000, -5.000, -59.000, 0.000, Reverse, -8.54, -6.76, 12.3, 0.344
500, 1/3, 5.142, -0.999, 4.991, -0.999, 5.102, -1.000, 5.213, -1.000, -5.000, -60.000, 0.000, Reverse, -7.93, -6.69, 13.9, 0.377
630, 1/3, 4.476, -0.999, 4.565, -0.999, 4.461, -0.999, 4.442, -0.999, -5.000, -34.000, 0.000, Reverse, -9.74, -7.59, 9.6, 0.348
800, 1/3, 4.246, -0.994, 4.204, -1.000, 4.182, -0.999, 4.197, -1.000, -5.000, -27.000, 0.000, Reverse, -9.04, -7.18, 11.1, 0.352
1000, 1/3, 3.845, -0.996, 3.553, -0.999, 3.708, -0.999, 3.713, -1.000, -5.000, -50.000, 0.000, Reverse, -7.64, -4.65, 14.7, 0.270
1250, 1/3, 3.372, -0.997, 3.324, -0.998, 3.446, -0.999, 3.480, -1.000, -5.000, -50.000, 0.000, Reverse, -7.42, -4.83, 15.3, 0.256
1600, 1/3, 3.111, -0.999, 3.147, -0.999, 3.214, -0.999, 3.213, -1.000, -5.000, -51.000, 0.000, Reverse, -7.45, -5.20, 15.3, 0.248
2000, 1/3, 2.785, -0.999, 2.956, -0.999, 2.960, -1.000, 3.014, -1.000, -5.000, -58.000, 0.000, Reverse, -8.02, -5.39, 13.6, 0.224
2500, 1/3, 2.684, -0.999, 2.643, -0.999, 2.634, -1.000, 2.633, -1.000, -5.000, -38.000, 0.000, Reverse, -6.00, -3.38, 20.1, 0.202
3150, 1/3, 2.219, -0.999, 2.385, -0.999, 2.261, -0.999, 2.316, -1.000, -5.000, -53.000, 0.000, Reverse, -6.64, -3.18, 17.8, 0.173
4000, 1/3, 1.948, -0.999, 2.020, -1.000, 1.992, -1.000, 1.997, -1.000, -5.000, -47.000, 0.000, Reverse, -4.40, -1.91, 26.6, 0.147
5000, 1/3, 1.691, -0.999, 1.737, -0.999, 1.747, -1.000, 1.757, -1.000, -5.000, -45.000, 0.000, Reverse, -2.76, -0.15, 34.6, 0.123
6300, 1/3, 1.399, -0.998, 1.373, -1.000, 1.397, -1.000, 1.401, -1.000, -5.000, -38.000, 0.000, Reverse, -1.89, 1.14, 39.3, 0.097

RT60 data saved by REW V5.30.9
Source: UMC1820, MICROPHONE (In 1), 4, volume: 1.000
Dated: Aug 9, 2024 12:18:23 PM
Measurement: L 3300_holes_3_pcs_pos1 Aug 9-2
Sweep level: -15.0 dBFS
Response measured over: 40.0 to 8,000.0 Hz
Peak value: 9.3501515E-4 at index 524288
Response length: 1048576 samples
Sample interval: 2.0833333333333333E-5 seconds
Start time: -10.92848958799984 seconds

Format is freq (Hz), BW (octaves), EDT (s), r, T20 (s), r, T30 (s), r, Topt (s), r, ToptStart (dB), ToptEnd (dB), T60M (s), reverse/forward/zero phase filtered, C50 (dB), C80 (dB), D50 (%), TS (s)

50, 1/3, 10.725, -0.995, 13.989, -0.999, 0.000, 0.000, 14.117, -0.999, -5.000, -27.000, 0.000, Reverse, -11.16, -8.10, 7.1, 0.766
63, 1/3, 7.391, -0.997, 14.932, -0.985, 18.201, -0.985, 15.722, -0.994, -12.000, -22.000, 0.000, Reverse, -38.37, -12.10, 0.0, 0.637
80, 1/3, 6.021, -0.999, 7.988, -0.997, 9.290, -0.995, 8.112, -0.997, -5.000, -26.000, 0.000, Reverse, -28.35, -19.04, 0.1, 0.488
100, 1/3, 6.841, -0.994, 8.643, -0.999, 9.366, -0.998, 8.861, -0.999, -5.000, -30.000, 0.000, Reverse, -32.91, -22.88, 0.1, 0.498
125, 1/3, 6.145, -0.997, 8.301, -0.998, 8.460, -0.999, 8.644, -0.999, -5.000, -42.000, 0.000, Reverse, -24.17, -12.68, 0.4, 0.463
160, 1/3, 5.036, -0.993, 6.723, -0.996, 6.872, -0.999, 6.872, -0.999, -5.000, -35.000, 0.000, Reverse, -20.41, -13.38, 0.9, 0.395
200, 1/3, 4.952, -0.996, 6.016, -0.998, 6.210, -0.999, 6.241, -0.999, -5.000, -39.000, 0.000, Reverse, -21.44, -19.15, 0.7, 0.466
250, 1/3, 5.566, -0.997, 5.540, -0.997, 5.849, -0.998, 5.870, -0.999, -5.000, -40.000, 0.000, Reverse, -13.87, -9.49, 3.9, 0.443
315, 1/3, 5.481, -0.997, 5.605, -0.999, 5.676, -1.000, 5.830, -1.000, -5.000, -55.000, 0.000, Reverse, -13.65, -10.19, 4.1, 0.462
400, 1/3, 5.056, -0.996, 5.455, -0.999, 5.665, -0.999, 5.506, -1.000, -5.000, -60.000, 0.000, Reverse, -9.79, -6.51, 9.5, 0.409
500, 1/3, 4.926, -0.998, 5.316, -0.999, 5.260, -0.999, 5.137, -1.000, -5.000, -60.000, 0.000, Reverse, -7.10, -4.87, 16.3, 0.345
630, 1/3, 4.626, -0.996, 4.607, -0.999, 4.634, -1.000, 4.681, -1.000, -5.000, -45.000, 0.000, Reverse, -8.65, -7.99, 12.0, 0.372
800, 1/3, 4.176, -0.997, 4.237, -0.999, 4.250, -1.000, 4.265, -1.000, -5.000, -52.000, 0.000, Reverse, -7.54, -5.44, 15.0, 0.318
1000, 1/3, 3.589, -0.995, 3.750, -0.998, 3.809, -0.999, 3.853, -1.000, -5.000, -49.000, 0.000, Reverse, -5.19, -3.72, 23.2, 0.257
1250, 1/3, 3.625, -0.998, 3.466, -0.999, 3.347, -0.999, 3.398, -1.000, -5.000, -46.000, 0.000, Reverse, -6.55, -3.88, 18.1, 0.248
1600, 1/3, 3.300, -0.999, 3.136, -1.000, 3.187, -1.000, 3.229, -1.000, -5.000, -54.000, 0.000, Reverse, -8.02, -4.97, 13.6, 0.243
2000, 1/3, 3.086, -0.998, 2.885, -1.000, 2.923, -1.000, 2.938, -1.000, -5.000, -40.000, 0.000, Reverse, -5.36, -3.81, 22.5, 0.226
2500, 1/3, 2.548, -0.999, 2.696, -1.000, 2.642, -1.000, 2.659, -1.000, -5.000, -43.000, 0.000, Reverse, -4.80, -2.00, 24.9, 0.181
3150, 1/3, 2.180, -0.998, 2.260, -1.000, 2.270, -1.000, 2.254, -1.000, -5.000, -33.000, 0.000, Reverse, -4.97, -1.93, 24.2, 0.159
4000, 1/3, 1.895, -0.999, 1.998, -1.000, 1.959, -1.000, 1.962, -1.000, -5.000, -38.000, 0.000, Reverse, -3.88, -1.02, 29.1, 0.138
5000, 1/3, 1.595, -0.999, 1.736, -0.999, 1.746, -1.000, 1.770, -1.000, -5.000, -51.000, 0.000, Reverse, -2.24, 0.24, 37.4, 0.114
6300, 1/3, 1.327, -0.999, 1.403, -1.000, 1.418, -1.000, 1.420, -1.000, -5.000, -40.000, 0.000, Reverse, -1.17, 1.34, 43.3, 0.093

RT60 data saved by REW V5.30.9
Source: UMC1820, MICROPHONE (In 1), 5, volume: 1.000
Dated: Aug 9, 2024 12:18:23 PM
Measurement: L 3300_holes_3_pcs_pos1 Aug 9-3
Sweep level: -15.0 dBFS
Response measured over: 40.0 to 8,000.0 Hz
Peak value: 0.0014547108 at index 524288
Response length: 1048576 samples
Sample interval: 2.0833333333333333E-5 seconds
Start time: -10.953599469974352 seconds

Format is freq (Hz), BW (octaves), EDT (s), r, T20 (s), r, T30 (s), r, Topt (s), r, ToptStart (dB), ToptEnd (dB), T60M (s), reverse/forward/zero phase filtered, C50 (dB), C80 (dB), D50 (%), TS (s)

50, 1/3, 10.766, -0.998, 11.527, -0.999, 13.026, -0.997, 11.340, -1.000, -5.000, -23.000, 0.000, Reverse, -43.23, -45.94, 0.0, 0.825
63, 1/3, 6.548, -0.998, 11.024, -0.990, 0.000, 0.000, 10.737, -0.993, -5.000, -29.000, 0.000, Reverse, -4.94, -3.16, 24.3, 0.546
80, 1/3, 7.423, -0.993, 8.748, -0.998, 9.312, -0.998, 8.902, -0.999, -5.000, -30.000, 0.000, Reverse, -13.69, -13.75, 4.1, 0.682
100, 1/3, 8.586, -0.997, 9.210, -0.999, 9.545, -0.999, 9.362, -0.999, -5.000, -31.000, 0.000, Reverse, -11.43, -14.93, 6.7, 0.674
125, 1/3, 5.264, -0.996, 6.577, -0.998, 6.648, -0.999, 6.641, -1.000, -5.000, -44.000, 0.000, Reverse, -13.89, -6.65, 3.9, 0.404
160, 1/3, 5.210, -0.990, 5.705, -0.999, 5.995, -0.999, 5.901, -0.999, -5.000, -44.000, 0.000, Reverse, -5.29, -2.56, 22.8, 0.314
200, 1/3, 4.876, -0.992, 5.655, -0.998, 6.073, -0.998, 6.140, -0.999, -5.000, -43.000, 0.000, Reverse, -13.86, -9.66, 3.9, 0.406
250, 1/3, 5.127, -0.999, 5.866, -0.997, 6.177, -0.998, 6.472, -0.999, -5.000, -60.000, 0.000, Reverse, -12.99, -10.07, 4.8, 0.405
315, 1/3, 5.804, -0.997, 5.747, -0.998, 5.965, -0.999, 6.021, -0.999, -5.000, -44.000, 0.000, Reverse, -12.79, -8.99, 5.0, 0.420
400, 1/3, 4.991, -0.999, 5.935, -0.999, 5.928, -0.999, 6.088, -1.000, -5.000, -58.000, 0.000, Reverse, -9.67, -7.05, 9.7, 0.384
500, 1/3, 4.956, -0.997, 5.034, -0.999, 5.032, -1.000, 5.144, -1.000, -5.000, -60.000, 0.000, Reverse, -10.56, -5.18, 8.1, 0.374
630, 1/3, 4.611, -0.996, 4.601, -0.999, 4.669, -1.000, 4.781, -1.000, -5.000, -55.000, 0.000, Reverse, -6.98, -5.41, 16.7, 0.306
800, 1/3, 4.548, -0.998, 4.070, -0.999, 4.077, -1.000, 4.097, -1.000, -5.000, -42.000, 0.000, Reverse, -5.50, -3.50, 22.0, 0.284
1000, 1/3, 3.505, -0.999, 3.691, -0.999, 3.666, -1.000, 3.722, -1.000, -5.000, -50.000, 0.000, Reverse, -6.33, -3.68, 18.9, 0.247
1250, 1/3, 3.563, -0.997, 3.351, -0.999, 3.343, -1.000, 3.404, -1.000, -5.000, -49.000, 0.000, Reverse, -5.17, -2.46, 23.3, 0.223
1600, 1/3, 3.151, -0.998, 3.344, -1.000, 3.261, -1.000, 3.260, -1.000, -5.000, -51.000, 0.000, Reverse, -4.05, -1.82, 28.3, 0.207
2000, 1/3, 2.831, -0.998, 2.997, -1.000, 2.966, -1.000, 3.017, -1.000, -5.000, -59.000, 0.000, Reverse, -2.95, -1.66, 33.6, 0.188
2500, 1/3, 2.465, -0.998, 2.756, -1.000, 2.718, -1.000, 2.691, -1.000, -5.000, -48.000, 0.000, Reverse, -6.13, -3.72, 19.6, 0.187
3150, 1/3, 2.214, -0.998, 2.311, -1.000, 2.285, -1.000, 2.289, -1.000, -5.000, -37.000, 0.000, Reverse, -3.47, -0.68, 31.0, 0.147
4000, 1/3, 2.038, -0.997, 1.945, -0.999, 1.996, -1.000, 2.011, -1.000, -5.000, -54.000, 0.000, Reverse, -1.33, 0.79, 42.4, 0.119
5000, 1/3, 1.684, -0.997, 1.690, -1.000, 1.712, -1.000, 1.704, -1.000, -5.000, -33.000, 0.000, Reverse, -0.78, 1.09, 45.5, 0.103
6300, 1/3, 1.244, -0.998, 1.400, -1.000, 1.420, -1.000, 1.426, -1.000, -5.000, -43.000, 0.000, Reverse, 0.53, 3.15, 53.0, 0.077

RT60 data saved by REW V5.30.9
Source: UMC1820, MICROPHONE (In 1), 6, volume: 1.000
Dated: Aug 9, 2024 12:18:23 PM
Measurement: L 3300_holes_3_pcs_pos1 Aug 9-4
Sweep level: -15.0 dBFS
Response measured over: 40.0 to 8,000.0 Hz
Peak value: 0.0013956712 at index 524288
Response length: 1048576 samples
Sample interval: 2.0833333333333333E-5 seconds
Start time: -10.949834302917633 seconds

Format is freq (Hz), BW (octaves), EDT (s), r, T20 (s), r, T30 (s), r, Topt (s), r, ToptStart (dB), ToptEnd (dB), T60M (s), reverse/forward/zero phase filtered, C50 (dB), C80 (dB), D50 (%), TS (s)

50, 1/3, 10.313, -0.997, 12.360, -0.997, 12.618, -0.999, 11.622, -0.999, -5.000, -21.000, 0.000, Reverse, -10.82, -3.57, 7.6, 0.823
63, 1/3, 4.908, -0.993, 9.720, -0.990, 11.174, -0.993, 11.127, -0.997, -11.000, -32.000, 0.000, Reverse, -38.54, -40.52, 0.0, 0.376
80, 1/3, 6.266, -0.983, 8.255, -0.995, 8.991, -0.997, 8.991, -0.997, -5.000, -35.000, 0.000, Reverse, -15.94, -8.74, 2.5, 0.488
100, 1/3, 6.428, -0.993, 7.990, -0.997, 8.771, -0.997, 8.309, -0.998, -5.000, -30.000, 0.000, Reverse, -18.75, -10.45, 1.3, 0.557
125, 1/3, 6.079, -0.995, 7.174, -0.998, 7.524, -0.998, 7.229, -0.999, -5.000, -29.000, 0.000, Reverse, -23.04, -11.89, 0.5, 0.517
160, 1/3, 7.656, -0.994, 6.612, -0.996, 7.098, -0.996, 6.600, -0.998, -5.000, -30.000, 0.000, Reverse, -12.61, -9.08, 5.2, 0.489
200, 1/3, 5.480, -0.993, 5.984, -0.998, 6.335, -0.998, 6.442, -0.999, -5.000, -55.000, 0.000, Reverse, -22.65, -10.55, 0.5, 0.432
250, 1/3, 5.591, -0.993, 5.391, -0.999, 5.771, -0.999, 5.941, -0.999, -5.000, -50.000, 0.000, Reverse, -17.28, -8.15, 1.8, 0.367
315, 1/3, 6.331, -0.996, 5.427, -0.998, 5.625, -0.999, 5.967, -0.999, -5.000, -60.000, 0.000, Reverse, -11.11, -9.59, 7.2, 0.470
400, 1/3, 5.690, -0.998, 5.144, -0.999, 5.179, -1.000, 5.166, -1.000, -5.000, -43.000, 0.000, Reverse, -8.39, -6.94, 12.6, 0.401
500, 1/3, 5.004, -0.999, 5.179, -0.999, 5.036, -0.999, 5.085, -1.000, -5.000, -56.000, 0.000, Reverse, -7.48, -6.07, 15.1, 0.358
630, 1/3, 4.763, -0.996, 4.426, -0.998, 4.488, -0.999, 4.719, -1.000, -5.000, -57.000, 0.000, Reverse, -6.93, -5.60, 16.9, 0.344
800, 1/3, 4.911, -0.998, 4.066, -0.999, 4.167, -0.999, 4.282, -1.000, -5.000, -54.000, 0.000, Reverse, -9.07, -6.58, 11.0, 0.332
1000, 1/3, 3.856, -0.999, 3.738, -0.999, 3.647, -1.000, 3.718, -1.000, -5.000, -46.000, 0.000, Reverse, -6.11, -4.51, 19.7, 0.276
1250, 1/3, 3.511, -0.999, 3.439, -1.000, 3.371, -1.000, 3.410, -1.000, -5.000, -48.000, 0.000, Reverse, -5.43, -3.93, 22.3, 0.247
1600, 1/3, 3.287, -0.998, 3.262, -0.999, 3.213, -0.999, 3.202, -1.000, -5.000, -54.000, 0.000, Reverse, -6.43, -3.73, 18.5, 0.229
2000, 1/3, 3.093, -0.999, 3.063, -1.000, 3.024, -1.000, 3.000, -1.000, -5.000, -53.000, 0.000, Reverse, -5.91, -3.71, 20.4, 0.220
2500, 1/3, 2.550, -0.998, 2.601, -0.999, 2.630, -1.000, 2.695, -1.000, -5.000, -50.000, 0.000, Reverse, -5.03, -2.01, 23.9, 0.174
3150, 1/3, 2.251, -0.998, 2.332, -1.000, 2.305, -1.000, 2.311, -1.000, -5.000, -52.000, 0.000, Reverse, -2.53, -0.11, 35.9, 0.142
4000, 1/3, 1.905, -0.999, 2.026, -1.000, 2.011, -1.000, 1.996, -1.000, -5.000, -47.000, 0.000, Reverse, -2.37, 0.03, 36.7, 0.125
5000, 1/3, 1.690, -0.999, 1.719, -0.999, 1.751, -1.000, 1.749, -1.000, -5.000, -52.000, 0.000, Reverse, -2.94, -0.64, 33.7, 0.119
6300, 1/3, 1.340, -0.999, 1.423, -0.999, 1.421, -1.000, 1.455, -1.000, -5.000, -48.000, 0.000, Reverse, -1.85, 0.75, 39.5, 0.095

